00191037000107092018020100167052757      0015500000SV2105    0000000000003851052757     0
00292489011107092018020100104023882      0017600000SV2151    0000000000002398023882     0
00191038034307092018050300124079887      0013100000SV1075    0000000000001968079887     0
00191039034707092018020100164091401      0000000000698       0000000000003782091401     0
002924900349070920180201001140193782010310000000000SV2169    0000000000002629019378     0
002924910426070920180603000990638411384040000000000SV2095    0000000000001571063841     0
00191040051307092018020100110008918   3140000000000SV2152    0000000000002537008918     0
00191041060807092018040200368156987      0027500000SV379     0000000000009951156987     0
002924920629070920180603000980386351248890000000000SV2149    0000000000001555038635     0
00191042064807092018020100186030485      0000000000332       0000000000004289030485     0
00191043064907092018050300059069900      0015800000SV2114    0000000000000936069900     0
002924930650070920180301002041026311859110000000000SV198     0000000000004704102631     0
002924940654070920180201001580636271194370000000000SV117     0000000000003643063627     0
00191044070307092018020100111074901      0000000000675       0000000000002560074901     0
00292495071907092018030100064121921      0000000000669       0000000000001476121921     0
00191045072007092018020100075049620      0017100000SV2141    0000000000001730049620     0
00292496073407092018020100042065154 549140000000000SV2054    0000000000000969065154     0
00191046083207092018030100202109001      0030100000SV2026    0000000000004658109001     0
00292497083707092018020100068055916      0016700000SV2137    0000000000001568055916     0
00191047084007092018020100158023128      0000000000347       0000000000003643023128     0
002924990901070920180201003141469521023110000000000SV2002    0000000000007241146952     0
00292498085207092018020100058081083 392940000000000SV2019    0000000000001337081083     0
00292500090207092018010200293045172      0025100000SV196     0000000000007923045172     0
00191048091407092018010200158139206 160200000000000SV2028    0000000000004272139206     0
00191049091507092018030100122166686 767490000000000SV2038    0000000000002813166686     0
00292501093507092018020100194132080 407200000000000SV199     0000000000004474132080     0
00191050094507092018020100106180011      0000000000783       0000000000002444180011     0
00191051101307092018030100110028060      0000000000291       0000000000002537028060     0
00191052113907092018050300219146218 36631000000000002113     0000000000003476146218     0
00292502125907092018030100258110464      0037700000SV176     0000000000005949110464     0
00292503131307092018030100148114814      0000000000054       0000000000003413114814     0
00191053132407092018020100141002340      0039300000SV2213    0000000000003251002340     0
00292504132607092018030100257139711      0000000000407       0000000000005926139711     0
001910541340070920180201001310361782649830000000000SV2155    0000000000003021036178     0
00292505134407092018030100083086203      0020100000SV101     0000000000001914086203     0
001910551345070920180301000590456183124940000000000SV2139    0000000000001361045618     0
00191056134707092018060400178067035 935140000000000SV376     0000000000004915067035     0
00292506140507092018030100201159007      0000000000653       0000000000004635159007     0
00292507140807092018020100126010204 460630000000000SV2172    0000000000002906010204     0
00191057140907092018030100069029404  15180000000000SV2100    0000000000001591029404     0
00292508141907092018060300110001095      0038800000SV2208    0000000000001746001095     0
00292509143407092018020100175020653      0000000000699       0000000000004036020653     0
002925101446070920180504003590518391239780000000000SV2073    0000000000009912051839     0
001910581449070920180604004000503451671620000000000SV2143    0000000000011044050345     0
00191059150107092018030100150125172      0006600000SV2092    0000000000003459125172     0
00292511152407092018030100181008613      0000000000513       0000000000004174008613     0
00292512153207092018030100114057168      0000000000695       0000000000002629057168     0
00191060154307092018020100044168704      0000000000130       0000000000001015168704     0
00191061155507092018030100139012258      0000000000641       0000000000003205012258     0
00292513155607092018030100183017615      0000000000632       0000000000004220017615     0
00292514160107092018020100129080784      0000000000691       0000000000002975080784     0
00292515161307092018030100315080009      0000000000451       0000000000007264080009     0
00191062161407092018030100076122072      0000000000669       0000000000001753122072     0
00292516163707092018020100090002134  59690000000000SV2218    0000000000002075002134     0
00191063164907092018040200240101458    340000000000SV252     0000000000006490101458     0
00292517175707092018030100103002213  62650000000000SV2217    0000000000002375002213     0
00191064180907092018010200310157095      0027500000SV379     0000000000008382157095     0
00292518181707092018020100298000207      0035900000SV2187    0000000000006872000207     0
00191065181807092018030100236033639      0035800000SV2186    0000000000005442033639     0
00191066183807092018020100127079247      0000000000683       0000000000002929079247     0
00292519184207092018030100067007786 508190000000000SV2171    0000000000001545007786     0
